{
 "cells": [
  {
   "cell_type": "code",
   "execution_count": 1,
   "id": "6fa43f37",
   "metadata": {},
   "outputs": [],
   "source": [
    "from bs4 import BeautifulSoup\n",
    "import requests\n",
    "import time\n",
    "import datetime\n",
    "import pandas as pd\n",
    "import numpy as np"
   ]
  },
  {
   "cell_type": "code",
   "execution_count": 5,
   "id": "dccfdceb",
   "metadata": {},
   "outputs": [],
   "source": [
    "ur = \"https://stats.nba.com/stats/leagueLeaders?LeagueID=00&PerMode=PerGame&Scope=S&Season=2012-13&SeasonType=Playoffs&StatCategory=PTS\""
   ]
  },
  {
   "cell_type": "code",
   "execution_count": 7,
   "id": "b9b89ef6",
   "metadata": {},
   "outputs": [],
   "source": [
    "r = requests.get(url=ur,headers=headers).json()"
   ]
  },
  {
   "cell_type": "code",
   "execution_count": 8,
   "id": "6f999284",
   "metadata": {},
   "outputs": [],
   "source": [
    "table_headers = r['resultSet']['headers']"
   ]
  },
  {
   "cell_type": "code",
   "execution_count": 6,
   "id": "7ac51350",
   "metadata": {},
   "outputs": [],
   "source": [
    "headers = {\n",
    "    'Accept': '*/*',\n",
    "'Accept-Encoding': 'gzip, deflate, br',\n",
    "'Accept-Language': 'en-US,en;q=0.9',\n",
    "'Connection': 'keep-alive',\n",
    "'Host': 'stats.nba.com',\n",
    "'If-Modified-Since': 'Sat, 10 Dec 2022 07:42:00 GMT',\n",
    "'Origin': 'https://www.nba.com',\n",
    "'Referer': 'https://www.nba.com/',\n",
    "'sec-ch-ua': '\"Not?A_Brand\";v=\"8\", \"Chromium\";v=\"108\", \"Google Chrome\";v=\"108\"',\n",
    "'sec-ch-ua-mobile': '?0',\n",
    "'sec-ch-ua-platform': \"Windows\",\n",
    "'Sec-Fetch-Dest': 'empty',\n",
    "'Sec-Fetch-Mode': 'cors',\n",
    "'Sec-Fetch-Site': 'same-site',\n",
    "'User-Agent': 'Mozilla/5.0 (Windows NT 10.0; Win64; x64) AppleWebKit/537.36 (KHTML, like Gecko) Chrome/108.0.0.0 Safari/537.36'\n",
    "}"
   ]
  },
  {
   "cell_type": "code",
   "execution_count": 9,
   "id": "37e11e14",
   "metadata": {},
   "outputs": [],
   "source": [
    "df_cols = ['Year','Season_type'] + table_headers"
   ]
  },
  {
   "cell_type": "code",
   "execution_count": 10,
   "id": "f2b328a2",
   "metadata": {},
   "outputs": [],
   "source": [
    "years = ['2012-13','2013-14','2014-15','2015-16','2016-17','2017-18','2018-19','2019-20','2020-21','2021-22']"
   ]
  },
  {
   "cell_type": "code",
   "execution_count": 11,
   "id": "ddaba0fb",
   "metadata": {},
   "outputs": [],
   "source": [
    "df = pd.DataFrame(columns=df_cols)\n",
    "season_types = ['Regular%20Season','Playoffs']"
   ]
  },
  {
   "cell_type": "code",
   "execution_count": 12,
   "id": "9f27831c",
   "metadata": {},
   "outputs": [
    {
     "name": "stdout",
     "output_type": "stream",
     "text": [
      "Finished scraping data for the 2012-13 Regular%20Season.\n",
      "...waiting 55.5 seconds\n",
      "Finished scraping data for the 2012-13 Playoffs.\n",
      "...waiting 31.3 seconds\n",
      "Finished scraping data for the 2013-14 Regular%20Season.\n",
      "...waiting 22.7 seconds\n",
      "Finished scraping data for the 2013-14 Playoffs.\n",
      "...waiting 57.5 seconds\n",
      "Finished scraping data for the 2014-15 Regular%20Season.\n",
      "...waiting 56.0 seconds\n",
      "Finished scraping data for the 2014-15 Playoffs.\n",
      "...waiting 34.5 seconds\n",
      "Finished scraping data for the 2015-16 Regular%20Season.\n",
      "...waiting 44.9 seconds\n",
      "Finished scraping data for the 2015-16 Playoffs.\n",
      "...waiting 49.6 seconds\n",
      "Finished scraping data for the 2016-17 Regular%20Season.\n",
      "...waiting 15.4 seconds\n",
      "Finished scraping data for the 2016-17 Playoffs.\n",
      "...waiting 51.4 seconds\n",
      "Finished scraping data for the 2017-18 Regular%20Season.\n",
      "...waiting 43.5 seconds\n",
      "Finished scraping data for the 2017-18 Playoffs.\n",
      "...waiting 34.2 seconds\n",
      "Finished scraping data for the 2018-19 Regular%20Season.\n",
      "...waiting 24.5 seconds\n",
      "Finished scraping data for the 2018-19 Playoffs.\n",
      "...waiting 53.7 seconds\n",
      "Finished scraping data for the 2019-20 Regular%20Season.\n",
      "...waiting 49.8 seconds\n",
      "Finished scraping data for the 2019-20 Playoffs.\n",
      "...waiting 27.9 seconds\n",
      "Finished scraping data for the 2020-21 Regular%20Season.\n",
      "...waiting 21.0 seconds\n",
      "Finished scraping data for the 2020-21 Playoffs.\n",
      "...waiting 23.8 seconds\n",
      "Finished scraping data for the 2021-22 Regular%20Season.\n",
      "...waiting 34.7 seconds\n",
      "Finished scraping data for the 2021-22 Playoffs.\n",
      "...waiting 17.1 seconds\n",
      "Process completed! Total run time: 14.75\n"
     ]
    }
   ],
   "source": [
    "begin_loop = time.time()\n",
    "\n",
    "for y in years:\n",
    "    for s in season_types:\n",
    "        api_url =\"https://stats.nba.com/stats/leagueLeaders?LeagueID=00&PerMode=PerGame&Scope=S&Season=\"+y+\"&SeasonType=\"+s+\"&StatCategory=PTS\"\n",
    "        r = requests.get(url=api_url, headers=headers).json()\n",
    "        temp_df1 = pd.DataFrame(r['resultSet']['rowSet'],columns=table_headers)\n",
    "        temp_df2 = pd.DataFrame({'Year': [y for i in range(len(temp_df1))],\n",
    "                                'Season_type':[s for i in range(len(temp_df1))]})\n",
    "        temp_df3 = pd.concat([temp_df2,temp_df1],axis=1)\n",
    "        df = pd.concat([df,temp_df3],axis=0)\n",
    "        print(f'Finished scraping data for the {y} {s}.')\n",
    "        lag = np.random.uniform(low=15,high=60)\n",
    "        print(f'...waiting {round(lag,1)} seconds')\n",
    "        time.sleep(lag)\n",
    "\n",
    "print(f'Process completed! Total run time: {round((time.time() - begin_loop)/60,2)}')\n"
   ]
  },
  {
   "cell_type": "code",
   "execution_count": 14,
   "id": "dbf1df4a",
   "metadata": {},
   "outputs": [],
   "source": [
    "df.to_csv('nba_player_data1.csv',index=False)"
   ]
  },
  {
   "cell_type": "code",
   "execution_count": 36,
   "id": "03058768",
   "metadata": {},
   "outputs": [],
   "source": [
    "import plotly.express as px\n",
    "import plotly.graph_objects as go\n",
    "pd.set_option('display.max_columns',None)\n",
    "\n",
    "data = pd.read_csv('nba_player_data1.csv')"
   ]
  },
  {
   "cell_type": "code",
   "execution_count": 37,
   "id": "8d1fa62c",
   "metadata": {
    "scrolled": true
   },
   "outputs": [
    {
     "data": {
      "text/html": [
       "<div>\n",
       "<style scoped>\n",
       "    .dataframe tbody tr th:only-of-type {\n",
       "        vertical-align: middle;\n",
       "    }\n",
       "\n",
       "    .dataframe tbody tr th {\n",
       "        vertical-align: top;\n",
       "    }\n",
       "\n",
       "    .dataframe thead th {\n",
       "        text-align: right;\n",
       "    }\n",
       "</style>\n",
       "<table border=\"1\" class=\"dataframe\">\n",
       "  <thead>\n",
       "    <tr style=\"text-align: right;\">\n",
       "      <th></th>\n",
       "      <th>Year</th>\n",
       "      <th>Season_type</th>\n",
       "      <th>PLAYER_ID</th>\n",
       "      <th>RANK</th>\n",
       "      <th>PLAYER</th>\n",
       "      <th>TEAM_ID</th>\n",
       "      <th>TEAM</th>\n",
       "      <th>GP</th>\n",
       "      <th>MIN</th>\n",
       "      <th>FGM</th>\n",
       "      <th>FGA</th>\n",
       "      <th>FG_PCT</th>\n",
       "      <th>FG3M</th>\n",
       "      <th>FG3A</th>\n",
       "      <th>FG3_PCT</th>\n",
       "      <th>FTM</th>\n",
       "      <th>FTA</th>\n",
       "      <th>FT_PCT</th>\n",
       "      <th>OREB</th>\n",
       "      <th>DREB</th>\n",
       "      <th>REB</th>\n",
       "      <th>AST</th>\n",
       "      <th>STL</th>\n",
       "      <th>BLK</th>\n",
       "      <th>TOV</th>\n",
       "      <th>PTS</th>\n",
       "      <th>EFF</th>\n",
       "    </tr>\n",
       "  </thead>\n",
       "  <tbody>\n",
       "    <tr>\n",
       "      <th>0</th>\n",
       "      <td>2012-13</td>\n",
       "      <td>Regular%20Season</td>\n",
       "      <td>2546</td>\n",
       "      <td>1</td>\n",
       "      <td>Carmelo Anthony</td>\n",
       "      <td>1610612752</td>\n",
       "      <td>NYK</td>\n",
       "      <td>67</td>\n",
       "      <td>37.0</td>\n",
       "      <td>10.0</td>\n",
       "      <td>22.2</td>\n",
       "      <td>0.449</td>\n",
       "      <td>2.3</td>\n",
       "      <td>6.2</td>\n",
       "      <td>0.379</td>\n",
       "      <td>6.3</td>\n",
       "      <td>7.6</td>\n",
       "      <td>0.830</td>\n",
       "      <td>2.0</td>\n",
       "      <td>4.9</td>\n",
       "      <td>6.9</td>\n",
       "      <td>2.6</td>\n",
       "      <td>0.8</td>\n",
       "      <td>0.5</td>\n",
       "      <td>2.6</td>\n",
       "      <td>28.7</td>\n",
       "      <td>23.2</td>\n",
       "    </tr>\n",
       "    <tr>\n",
       "      <th>1</th>\n",
       "      <td>2012-13</td>\n",
       "      <td>Regular%20Season</td>\n",
       "      <td>201142</td>\n",
       "      <td>2</td>\n",
       "      <td>Kevin Durant</td>\n",
       "      <td>1610612760</td>\n",
       "      <td>OKC</td>\n",
       "      <td>81</td>\n",
       "      <td>38.5</td>\n",
       "      <td>9.0</td>\n",
       "      <td>17.7</td>\n",
       "      <td>0.510</td>\n",
       "      <td>1.7</td>\n",
       "      <td>4.1</td>\n",
       "      <td>0.416</td>\n",
       "      <td>8.4</td>\n",
       "      <td>9.3</td>\n",
       "      <td>0.905</td>\n",
       "      <td>0.6</td>\n",
       "      <td>7.3</td>\n",
       "      <td>7.9</td>\n",
       "      <td>4.6</td>\n",
       "      <td>1.4</td>\n",
       "      <td>1.3</td>\n",
       "      <td>3.5</td>\n",
       "      <td>28.1</td>\n",
       "      <td>30.4</td>\n",
       "    </tr>\n",
       "    <tr>\n",
       "      <th>2</th>\n",
       "      <td>2012-13</td>\n",
       "      <td>Regular%20Season</td>\n",
       "      <td>977</td>\n",
       "      <td>3</td>\n",
       "      <td>Kobe Bryant</td>\n",
       "      <td>1610612747</td>\n",
       "      <td>LAL</td>\n",
       "      <td>78</td>\n",
       "      <td>38.6</td>\n",
       "      <td>9.5</td>\n",
       "      <td>20.4</td>\n",
       "      <td>0.463</td>\n",
       "      <td>1.7</td>\n",
       "      <td>5.2</td>\n",
       "      <td>0.324</td>\n",
       "      <td>6.7</td>\n",
       "      <td>8.0</td>\n",
       "      <td>0.839</td>\n",
       "      <td>0.8</td>\n",
       "      <td>4.7</td>\n",
       "      <td>5.6</td>\n",
       "      <td>6.0</td>\n",
       "      <td>1.4</td>\n",
       "      <td>0.3</td>\n",
       "      <td>3.7</td>\n",
       "      <td>27.3</td>\n",
       "      <td>24.6</td>\n",
       "    </tr>\n",
       "    <tr>\n",
       "      <th>3</th>\n",
       "      <td>2012-13</td>\n",
       "      <td>Regular%20Season</td>\n",
       "      <td>2544</td>\n",
       "      <td>4</td>\n",
       "      <td>LeBron James</td>\n",
       "      <td>1610612748</td>\n",
       "      <td>MIA</td>\n",
       "      <td>76</td>\n",
       "      <td>37.9</td>\n",
       "      <td>10.1</td>\n",
       "      <td>17.8</td>\n",
       "      <td>0.565</td>\n",
       "      <td>1.4</td>\n",
       "      <td>3.3</td>\n",
       "      <td>0.406</td>\n",
       "      <td>5.3</td>\n",
       "      <td>7.0</td>\n",
       "      <td>0.753</td>\n",
       "      <td>1.3</td>\n",
       "      <td>6.8</td>\n",
       "      <td>8.0</td>\n",
       "      <td>7.3</td>\n",
       "      <td>1.7</td>\n",
       "      <td>0.9</td>\n",
       "      <td>3.0</td>\n",
       "      <td>26.8</td>\n",
       "      <td>32.2</td>\n",
       "    </tr>\n",
       "    <tr>\n",
       "      <th>4</th>\n",
       "      <td>2012-13</td>\n",
       "      <td>Regular%20Season</td>\n",
       "      <td>201935</td>\n",
       "      <td>5</td>\n",
       "      <td>James Harden</td>\n",
       "      <td>1610612745</td>\n",
       "      <td>HOU</td>\n",
       "      <td>78</td>\n",
       "      <td>38.3</td>\n",
       "      <td>7.5</td>\n",
       "      <td>17.1</td>\n",
       "      <td>0.438</td>\n",
       "      <td>2.3</td>\n",
       "      <td>6.2</td>\n",
       "      <td>0.368</td>\n",
       "      <td>8.6</td>\n",
       "      <td>10.2</td>\n",
       "      <td>0.851</td>\n",
       "      <td>0.8</td>\n",
       "      <td>4.1</td>\n",
       "      <td>4.9</td>\n",
       "      <td>5.8</td>\n",
       "      <td>1.8</td>\n",
       "      <td>0.5</td>\n",
       "      <td>3.8</td>\n",
       "      <td>25.9</td>\n",
       "      <td>24.0</td>\n",
       "    </tr>\n",
       "    <tr>\n",
       "      <th>...</th>\n",
       "      <td>...</td>\n",
       "      <td>...</td>\n",
       "      <td>...</td>\n",
       "      <td>...</td>\n",
       "      <td>...</td>\n",
       "      <td>...</td>\n",
       "      <td>...</td>\n",
       "      <td>...</td>\n",
       "      <td>...</td>\n",
       "      <td>...</td>\n",
       "      <td>...</td>\n",
       "      <td>...</td>\n",
       "      <td>...</td>\n",
       "      <td>...</td>\n",
       "      <td>...</td>\n",
       "      <td>...</td>\n",
       "      <td>...</td>\n",
       "      <td>...</td>\n",
       "      <td>...</td>\n",
       "      <td>...</td>\n",
       "      <td>...</td>\n",
       "      <td>...</td>\n",
       "      <td>...</td>\n",
       "      <td>...</td>\n",
       "      <td>...</td>\n",
       "      <td>...</td>\n",
       "      <td>...</td>\n",
       "    </tr>\n",
       "    <tr>\n",
       "      <th>3816</th>\n",
       "      <td>2021-22</td>\n",
       "      <td>Playoffs</td>\n",
       "      <td>1629750</td>\n",
       "      <td>144</td>\n",
       "      <td>Javonte Green</td>\n",
       "      <td>1610612741</td>\n",
       "      <td>CHI</td>\n",
       "      <td>5</td>\n",
       "      <td>14.4</td>\n",
       "      <td>0.6</td>\n",
       "      <td>3.4</td>\n",
       "      <td>0.176</td>\n",
       "      <td>0.0</td>\n",
       "      <td>1.2</td>\n",
       "      <td>0.000</td>\n",
       "      <td>0.2</td>\n",
       "      <td>0.4</td>\n",
       "      <td>0.500</td>\n",
       "      <td>1.6</td>\n",
       "      <td>1.4</td>\n",
       "      <td>3.0</td>\n",
       "      <td>0.4</td>\n",
       "      <td>1.8</td>\n",
       "      <td>0.0</td>\n",
       "      <td>0.8</td>\n",
       "      <td>1.4</td>\n",
       "      <td>2.8</td>\n",
       "    </tr>\n",
       "    <tr>\n",
       "      <th>3817</th>\n",
       "      <td>2021-22</td>\n",
       "      <td>Playoffs</td>\n",
       "      <td>1627789</td>\n",
       "      <td>145</td>\n",
       "      <td>Timothe Luwawu-Cabarrot</td>\n",
       "      <td>1610612737</td>\n",
       "      <td>ATL</td>\n",
       "      <td>4</td>\n",
       "      <td>5.5</td>\n",
       "      <td>0.5</td>\n",
       "      <td>1.0</td>\n",
       "      <td>0.500</td>\n",
       "      <td>0.3</td>\n",
       "      <td>0.8</td>\n",
       "      <td>0.333</td>\n",
       "      <td>0.0</td>\n",
       "      <td>0.0</td>\n",
       "      <td>0.000</td>\n",
       "      <td>0.0</td>\n",
       "      <td>0.8</td>\n",
       "      <td>0.8</td>\n",
       "      <td>0.5</td>\n",
       "      <td>0.0</td>\n",
       "      <td>0.0</td>\n",
       "      <td>0.3</td>\n",
       "      <td>1.3</td>\n",
       "      <td>1.8</td>\n",
       "    </tr>\n",
       "    <tr>\n",
       "      <th>3818</th>\n",
       "      <td>2021-22</td>\n",
       "      <td>Playoffs</td>\n",
       "      <td>202684</td>\n",
       "      <td>146</td>\n",
       "      <td>Tristan Thompson</td>\n",
       "      <td>1610612741</td>\n",
       "      <td>CHI</td>\n",
       "      <td>5</td>\n",
       "      <td>7.6</td>\n",
       "      <td>0.4</td>\n",
       "      <td>1.0</td>\n",
       "      <td>0.400</td>\n",
       "      <td>0.0</td>\n",
       "      <td>0.0</td>\n",
       "      <td>0.000</td>\n",
       "      <td>0.0</td>\n",
       "      <td>0.0</td>\n",
       "      <td>0.000</td>\n",
       "      <td>0.4</td>\n",
       "      <td>1.2</td>\n",
       "      <td>1.6</td>\n",
       "      <td>0.4</td>\n",
       "      <td>0.2</td>\n",
       "      <td>0.0</td>\n",
       "      <td>1.0</td>\n",
       "      <td>0.8</td>\n",
       "      <td>1.4</td>\n",
       "    </tr>\n",
       "    <tr>\n",
       "      <th>3819</th>\n",
       "      <td>2021-22</td>\n",
       "      <td>Playoffs</td>\n",
       "      <td>1630267</td>\n",
       "      <td>147</td>\n",
       "      <td>Facundo Campazzo</td>\n",
       "      <td>1610612743</td>\n",
       "      <td>DEN</td>\n",
       "      <td>4</td>\n",
       "      <td>3.3</td>\n",
       "      <td>0.0</td>\n",
       "      <td>0.5</td>\n",
       "      <td>0.000</td>\n",
       "      <td>0.0</td>\n",
       "      <td>0.5</td>\n",
       "      <td>0.000</td>\n",
       "      <td>0.0</td>\n",
       "      <td>0.0</td>\n",
       "      <td>0.000</td>\n",
       "      <td>0.0</td>\n",
       "      <td>0.8</td>\n",
       "      <td>0.8</td>\n",
       "      <td>0.5</td>\n",
       "      <td>0.0</td>\n",
       "      <td>0.0</td>\n",
       "      <td>0.5</td>\n",
       "      <td>0.0</td>\n",
       "      <td>0.3</td>\n",
       "    </tr>\n",
       "    <tr>\n",
       "      <th>3820</th>\n",
       "      <td>2021-22</td>\n",
       "      <td>Playoffs</td>\n",
       "      <td>1630201</td>\n",
       "      <td>147</td>\n",
       "      <td>Malachi Flynn</td>\n",
       "      <td>1610612761</td>\n",
       "      <td>TOR</td>\n",
       "      <td>6</td>\n",
       "      <td>6.0</td>\n",
       "      <td>0.0</td>\n",
       "      <td>1.2</td>\n",
       "      <td>0.000</td>\n",
       "      <td>0.0</td>\n",
       "      <td>0.5</td>\n",
       "      <td>0.000</td>\n",
       "      <td>0.0</td>\n",
       "      <td>0.0</td>\n",
       "      <td>0.000</td>\n",
       "      <td>0.3</td>\n",
       "      <td>0.2</td>\n",
       "      <td>0.5</td>\n",
       "      <td>0.5</td>\n",
       "      <td>0.2</td>\n",
       "      <td>0.0</td>\n",
       "      <td>0.2</td>\n",
       "      <td>0.0</td>\n",
       "      <td>-0.2</td>\n",
       "    </tr>\n",
       "  </tbody>\n",
       "</table>\n",
       "<p>3821 rows × 27 columns</p>\n",
       "</div>"
      ],
      "text/plain": [
       "         Year       Season_type  PLAYER_ID  RANK                   PLAYER  \\\n",
       "0     2012-13  Regular%20Season       2546     1          Carmelo Anthony   \n",
       "1     2012-13  Regular%20Season     201142     2             Kevin Durant   \n",
       "2     2012-13  Regular%20Season        977     3              Kobe Bryant   \n",
       "3     2012-13  Regular%20Season       2544     4             LeBron James   \n",
       "4     2012-13  Regular%20Season     201935     5             James Harden   \n",
       "...       ...               ...        ...   ...                      ...   \n",
       "3816  2021-22          Playoffs    1629750   144            Javonte Green   \n",
       "3817  2021-22          Playoffs    1627789   145  Timothe Luwawu-Cabarrot   \n",
       "3818  2021-22          Playoffs     202684   146         Tristan Thompson   \n",
       "3819  2021-22          Playoffs    1630267   147         Facundo Campazzo   \n",
       "3820  2021-22          Playoffs    1630201   147            Malachi Flynn   \n",
       "\n",
       "         TEAM_ID TEAM  GP   MIN   FGM   FGA  FG_PCT  FG3M  FG3A  FG3_PCT  FTM  \\\n",
       "0     1610612752  NYK  67  37.0  10.0  22.2   0.449   2.3   6.2    0.379  6.3   \n",
       "1     1610612760  OKC  81  38.5   9.0  17.7   0.510   1.7   4.1    0.416  8.4   \n",
       "2     1610612747  LAL  78  38.6   9.5  20.4   0.463   1.7   5.2    0.324  6.7   \n",
       "3     1610612748  MIA  76  37.9  10.1  17.8   0.565   1.4   3.3    0.406  5.3   \n",
       "4     1610612745  HOU  78  38.3   7.5  17.1   0.438   2.3   6.2    0.368  8.6   \n",
       "...          ...  ...  ..   ...   ...   ...     ...   ...   ...      ...  ...   \n",
       "3816  1610612741  CHI   5  14.4   0.6   3.4   0.176   0.0   1.2    0.000  0.2   \n",
       "3817  1610612737  ATL   4   5.5   0.5   1.0   0.500   0.3   0.8    0.333  0.0   \n",
       "3818  1610612741  CHI   5   7.6   0.4   1.0   0.400   0.0   0.0    0.000  0.0   \n",
       "3819  1610612743  DEN   4   3.3   0.0   0.5   0.000   0.0   0.5    0.000  0.0   \n",
       "3820  1610612761  TOR   6   6.0   0.0   1.2   0.000   0.0   0.5    0.000  0.0   \n",
       "\n",
       "       FTA  FT_PCT  OREB  DREB  REB  AST  STL  BLK  TOV   PTS   EFF  \n",
       "0      7.6   0.830   2.0   4.9  6.9  2.6  0.8  0.5  2.6  28.7  23.2  \n",
       "1      9.3   0.905   0.6   7.3  7.9  4.6  1.4  1.3  3.5  28.1  30.4  \n",
       "2      8.0   0.839   0.8   4.7  5.6  6.0  1.4  0.3  3.7  27.3  24.6  \n",
       "3      7.0   0.753   1.3   6.8  8.0  7.3  1.7  0.9  3.0  26.8  32.2  \n",
       "4     10.2   0.851   0.8   4.1  4.9  5.8  1.8  0.5  3.8  25.9  24.0  \n",
       "...    ...     ...   ...   ...  ...  ...  ...  ...  ...   ...   ...  \n",
       "3816   0.4   0.500   1.6   1.4  3.0  0.4  1.8  0.0  0.8   1.4   2.8  \n",
       "3817   0.0   0.000   0.0   0.8  0.8  0.5  0.0  0.0  0.3   1.3   1.8  \n",
       "3818   0.0   0.000   0.4   1.2  1.6  0.4  0.2  0.0  1.0   0.8   1.4  \n",
       "3819   0.0   0.000   0.0   0.8  0.8  0.5  0.0  0.0  0.5   0.0   0.3  \n",
       "3820   0.0   0.000   0.3   0.2  0.5  0.5  0.2  0.0  0.2   0.0  -0.2  \n",
       "\n",
       "[3821 rows x 27 columns]"
      ]
     },
     "execution_count": 37,
     "metadata": {},
     "output_type": "execute_result"
    }
   ],
   "source": [
    "data"
   ]
  },
  {
   "cell_type": "code",
   "execution_count": 38,
   "id": "fb549afc",
   "metadata": {},
   "outputs": [
    {
     "data": {
      "text/plain": [
       "(3821, 27)"
      ]
     },
     "execution_count": 38,
     "metadata": {},
     "output_type": "execute_result"
    }
   ],
   "source": [
    "data.shape"
   ]
  },
  {
   "cell_type": "markdown",
   "id": "a91a48d1",
   "metadata": {},
   "source": [
    "# Data cleaning & analysis preparation"
   ]
  },
  {
   "cell_type": "code",
   "execution_count": 39,
   "id": "e3232c14",
   "metadata": {},
   "outputs": [
    {
     "data": {
      "text/plain": [
       "Year           0\n",
       "Season_type    0\n",
       "PLAYER_ID      0\n",
       "RANK           0\n",
       "PLAYER         0\n",
       "TEAM_ID        0\n",
       "TEAM           0\n",
       "GP             0\n",
       "MIN            0\n",
       "FGM            0\n",
       "FGA            0\n",
       "FG_PCT         0\n",
       "FG3M           0\n",
       "FG3A           0\n",
       "FG3_PCT        0\n",
       "FTM            0\n",
       "FTA            0\n",
       "FT_PCT         0\n",
       "OREB           0\n",
       "DREB           0\n",
       "REB            0\n",
       "AST            0\n",
       "STL            0\n",
       "BLK            0\n",
       "TOV            0\n",
       "PTS            0\n",
       "EFF            0\n",
       "dtype: int64"
      ]
     },
     "execution_count": 39,
     "metadata": {},
     "output_type": "execute_result"
    }
   ],
   "source": [
    "#check for null values\n",
    "data.isna().sum()"
   ]
  },
  {
   "cell_type": "code",
   "execution_count": 40,
   "id": "c17c9c68",
   "metadata": {},
   "outputs": [],
   "source": [
    "#remove columns not necessary for analysis\n",
    "data.drop(columns=['RANK','EFF'],inplace=True)"
   ]
  },
  {
   "cell_type": "code",
   "execution_count": 41,
   "id": "01b5646b",
   "metadata": {},
   "outputs": [],
   "source": [
    "#add a new column for season start year\n",
    "data['season_start_year'] = data['Year'].str[:4].astype(int)"
   ]
  },
  {
   "cell_type": "code",
   "execution_count": 42,
   "id": "4bd2d025",
   "metadata": {},
   "outputs": [],
   "source": [
    "#standardize the New Orleans' teams under one franchise name\n",
    "data.TEAM.replace(to_replace=['NOP','NOH'], value='NO', inplace=True)"
   ]
  },
  {
   "cell_type": "code",
   "execution_count": 43,
   "id": "05c358f5",
   "metadata": {},
   "outputs": [],
   "source": [
    "#Renamce the season type for the regular season for convienence\n",
    "data['Season_type'].replace('Regular%20Season','RS',inplace=True)"
   ]
  },
  {
   "cell_type": "code",
   "execution_count": 44,
   "id": "4dd15d36",
   "metadata": {},
   "outputs": [],
   "source": [
    "rs_df = data[data['Season_type']=='RS']"
   ]
  },
  {
   "cell_type": "code",
   "execution_count": 45,
   "id": "bf9bb4b9",
   "metadata": {},
   "outputs": [],
   "source": [
    "playoffs_df = data[data['Season_type'] == 'Playoffs']"
   ]
  },
  {
   "cell_type": "code",
   "execution_count": 46,
   "id": "d9acc639",
   "metadata": {},
   "outputs": [
    {
     "data": {
      "text/plain": [
       "Index(['Year', 'Season_type', 'PLAYER_ID', 'PLAYER', 'TEAM_ID', 'TEAM', 'GP',\n",
       "       'MIN', 'FGM', 'FGA', 'FG_PCT', 'FG3M', 'FG3A', 'FG3_PCT', 'FTM', 'FTA',\n",
       "       'FT_PCT', 'OREB', 'DREB', 'REB', 'AST', 'STL', 'BLK', 'TOV', 'PTS',\n",
       "       'season_start_year'],\n",
       "      dtype='object')"
      ]
     },
     "execution_count": 46,
     "metadata": {},
     "output_type": "execute_result"
    }
   ],
   "source": [
    "data.columns"
   ]
  },
  {
   "cell_type": "code",
   "execution_count": 28,
   "id": "31dfaf23",
   "metadata": {},
   "outputs": [],
   "source": [
    "total_cols = ['MIN','FGM','FGA','FG3M','FG3A','FTM','FTA',\n",
    "            'OREB','DREB','REB','AST','STL','BLK','TOV','PTS']"
   ]
  },
  {
   "cell_type": "markdown",
   "id": "766425ad",
   "metadata": {},
   "source": [
    "# Which player stats are correlated with each other?"
   ]
  },
  {
   "cell_type": "code",
   "execution_count": 49,
   "id": "606f415b",
   "metadata": {
    "scrolled": true
   },
   "outputs": [],
   "source": [
    "data_per_min = data.groupby(['PLAYER','PLAYER_ID','Year'])[total_cols].sum().reset_index()\n",
    "\n",
    "for col in data_per_min.columns[4:]:\n",
    "    data_per_min[col] = data_per_min[col]/data_per_min['MIN']\n",
    "    \n",
    "    data_per_min['FG%'] = data_per_min['FGM'] / data_per_min['FGA']\n",
    "    data_per_min['3PT%'] = data_per_min['FG3M'] / data_per_min['FG3A']\n",
    "    data_per_min['FT%'] = data_per_min['FTM'] / data_per_min['FTA']\n",
    "    data_per_min['FG3A%']= data_per_min['FG3A'] / data_per_min['FGA']\n",
    "    data_per_min['PTS/FGA'] = data_per_min['PTS']/data_per_min['FGA']\n",
    "    data_per_min['FTA/FGA'] = data_per_min['FTA'] / data_per_min['FGA']\n",
    "    data_per_min['TRU%'] = 0.5*data_per_min['PTS'] / (data_per_min['FGA']+0.475*data_per_min['FTA'])\n",
    "    data_per_min['AST_TOV'] = data_per_min['AST'] / data_per_min['TOV']\n",
    "                                                             \n",
    "data_per_min = data_per_min[data_per_min['MIN']>=50]\n",
    "data_per_min.drop(columns='PLAYER_ID', inplace=True)"
   ]
  },
  {
   "cell_type": "code",
   "execution_count": 50,
   "id": "e0ce182f",
   "metadata": {},
   "outputs": [
    {
     "data": {
      "application/vnd.plotly.v1+json": {
       "config": {
        "plotlyServerURL": "https://plot.ly"
       },
       "data": [
        {
         "coloraxis": "coloraxis",
         "hovertemplate": "x: %{x}<br>y: %{y}<br>color: %{z}<extra></extra>",
         "name": "0",
         "type": "heatmap",
         "x": [
          "MIN",
          "FGM",
          "FGA",
          "FG3M",
          "FG3A",
          "FTM",
          "FTA",
          "OREB",
          "DREB",
          "REB",
          "AST",
          "STL",
          "BLK",
          "TOV",
          "PTS",
          "FG%",
          "3PT%",
          "FT%",
          "FG3A%",
          "PTS/FGA",
          "FTA/FGA",
          "TRU%",
          "AST_TOV"
         ],
         "xaxis": "x",
         "y": [
          "MIN",
          "FGM",
          "FGA",
          "FG3M",
          "FG3A",
          "FTM",
          "FTA",
          "OREB",
          "DREB",
          "REB",
          "AST",
          "STL",
          "BLK",
          "TOV",
          "PTS",
          "FG%",
          "3PT%",
          "FT%",
          "FG3A%",
          "PTS/FGA",
          "FTA/FGA",
          "TRU%",
          "AST_TOV"
         ],
         "yaxis": "y",
         "z": [
          [
           1,
           0.4428982958264306,
           0.44476705352480544,
           0.09421416668243517,
           0.0959515055226957,
           0.4657994211136621,
           0.43895846803103156,
           -0.11373777994271422,
           0.09174057439057054,
           0.01985064807794482,
           0.35868571715330094,
           0.23112366854954813,
           -0.059943885859547935,
           0.3909422936598378,
           0.4833495014815477,
           0.016430662980970588,
           -0.013665817784187156,
           0.14876645349083567,
           -0.1151588895206155,
           0.15741505311485057,
           0.20488741406247876,
           0.06452922897626813,
           0.12271384329554116
          ],
          [
           0.4428982958264306,
           1,
           0.9142356430079569,
           0.1408116858945368,
           0.15561204173439355,
           0.6876769063768681,
           0.6546059242561947,
           0.016328235047586525,
           0.22094541821779376,
           0.1601263026784808,
           0.4043900091958297,
           0.053164659237252054,
           0.023534166138824072,
           0.6112771581232483,
           0.9532119037971507,
           0.21822757140548704,
           -0.04704504800721569,
           0.2214763339576251,
           -0.3107215576529459,
           0.21306679847289617,
           0.15664319980110175,
           0.1772887587283514,
           -0.04732003848918843
          ],
          [
           0.44476705352480544,
           0.9142356430079569,
           1,
           0.32482592335836025,
           0.38073417611741844,
           0.6869262148495145,
           0.5956989260461127,
           -0.22302206538275215,
           0.007931695600685306,
           -0.08095597398099659,
           0.4861509761472966,
           0.12185680697562343,
           -0.1855044870912251,
           0.6352311699976905,
           0.9302677360929014,
           -0.17495407623444126,
           0.01519310271852669,
           0.38185630825396794,
           -0.1061494267641253,
           -0.07507486327116171,
           0.009201605264942372,
           -0.10667968378333781,
           0.04643572109256342
          ],
          [
           0.09421416668243517,
           0.1408116858945368,
           0.32482592335836025,
           1,
           0.9720780065427918,
           0.03967409279059785,
           -0.10814820945445727,
           -0.6580964437864867,
           -0.41676709667314693,
           -0.5446089376132707,
           0.19961917954839623,
           0.11330373459216043,
           -0.4654851633530432,
           0.06255862677289882,
           0.309699356346255,
           -0.4606260765477823,
           0.5684229948903483,
           0.5052977582135952,
           0.8377172755167117,
           -0.0762116267144727,
           -0.39715332309022244,
           0.20591608731016034,
           0.24757211211896815
          ],
          [
           0.0959515055226957,
           0.15561204173439355,
           0.38073417611741844,
           0.9720780065427918,
           1,
           0.08794118329878732,
           -0.060028943801011155,
           -0.6762461436758832,
           -0.4204565654879647,
           -0.5542074872754845,
           0.24902350931089628,
           0.15789197916787298,
           -0.4849305977035207,
           0.12509673870850596,
           0.33061130994657467,
           -0.5500869360349268,
           0.4866304306831998,
           0.501948318670441,
           0.8391956639116657,
           -0.16283277871642904,
           -0.3853217603634693,
           0.07437155172562736,
           0.25271369571551855
          ],
          [
           0.4657994211136621,
           0.6876769063768681,
           0.6869262148495145,
           0.03967409279059785,
           0.08794118329878732,
           1,
           0.9517270061902363,
           0.009568515116715234,
           0.2133779905868306,
           0.1526732509753284,
           0.4597692769932781,
           0.15663335712288373,
           0.04466153249114377,
           0.6989704825901526,
           0.8222993897139766,
           0.058478601181928186,
           -0.1204152528819772,
           0.26453030502976915,
           -0.2864082005992558,
           0.42204789643088325,
           0.5973925493479303,
           0.13177261571194981,
           -0.04956204973319058
          ],
          [
           0.43895846803103156,
           0.6546059242561947,
           0.5956989260461127,
           -0.10814820945445727,
           -0.060028943801011155,
           0.9517270061902363,
           1,
           0.18095497694685578,
           0.36519972560217023,
           0.3248016945861624,
           0.3971978854651855,
           0.14056271901540252,
           0.18241118926342784,
           0.6909412742631096,
           0.7538192729692034,
           0.21361984877614296,
           -0.23030103708495453,
           -0.006126831337420156,
           -0.4106949513653972,
           0.5049935096222287,
           0.7535761083402797,
           0.12480992851325139,
           -0.13074669686985554
          ],
          [
           -0.11373777994271422,
           0.016328235047586525,
           -0.22302206538275215,
           -0.6580964437864867,
           -0.6762461436758832,
           0.009568515116715234,
           0.18095497694685578,
           1,
           0.6748426526012066,
           0.856729065962565,
           -0.3376289303287845,
           -0.20137093891050384,
           0.6341835937838217,
           -0.042889659820272576,
           -0.11603956224760985,
           0.634137482689328,
           -0.4742038492112151,
           -0.5519191456981618,
           -0.6560477935824724,
           0.3484478972837156,
           0.45541678942753633,
           0.12601929991407126,
           -0.46532298332779337
          ],
          [
           0.09174057439057054,
           0.22094541821779376,
           0.007931695600685306,
           -0.41676709667314693,
           -0.4204565654879647,
           0.2133779905868306,
           0.36519972560217023,
           0.6748426526012066,
           1,
           0.9586662021416483,
           -0.11814406609002899,
           -0.1257485084112755,
           0.5584885167843211,
           0.19358838173310808,
           0.14207971594177374,
           0.5296246278528474,
           -0.29620974886595414,
           -0.4073300178447646,
           -0.46889395081504154,
           0.4085120190041085,
           0.4786804240404009,
           0.1906126633545571,
           -0.34954243963674714
          ],
          [
           0.01985064807794482,
           0.1601263026784808,
           -0.08095597398099659,
           -0.5446089376132707,
           -0.5542074872754845,
           0.1526732509753284,
           0.3248016945861624,
           0.856729065962565,
           0.9586662021416483,
           1,
           -0.21330444472262064,
           -0.16569922403922965,
           0.6347370162314105,
           0.11816024630433994,
           0.05418149519665627,
           0.6146977093914618,
           -0.38881360055265296,
           -0.49723849561420097,
           -0.5798805961581274,
           0.4203971773593807,
           0.5102146283370543,
           0.18249113479763057,
           -0.4240392870508608
          ],
          [
           0.35868571715330094,
           0.4043900091958297,
           0.4861509761472966,
           0.19961917954839623,
           0.24902350931089628,
           0.4597692769932781,
           0.3971978854651855,
           -0.3376289303287845,
           -0.11814406609002899,
           -0.21330444472262064,
           1,
           0.40318921650395684,
           -0.3294438766241981,
           0.723114835206873,
           0.4749448142092201,
           -0.1921178009356671,
           0.05333651008682492,
           0.2241533874787794,
           0.009305837562593868,
           -0.016891990555969037,
           0.08473092205305041,
           -0.08139573046583341,
           0.657129631607715
          ],
          [
           0.23112366854954813,
           0.053164659237252054,
           0.12185680697562343,
           0.11330373459216043,
           0.15789197916787298,
           0.15663335712288373,
           0.14056271901540252,
           -0.20137093891050384,
           -0.1257485084112755,
           -0.16569922403922965,
           0.40318921650395684,
           1,
           -0.16479053531221893,
           0.26361268503128393,
           0.11241027246485163,
           -0.18542640330885474,
           0.0133755097932062,
           -9.974308476515788e-05,
           0.11751344087987546,
           -0.0677532246764909,
           0.02947372972345491,
           -0.11133745454819975,
           0.30879341017715484
          ],
          [
           -0.059943885859547935,
           0.023534166138824072,
           -0.1855044870912251,
           -0.4654851633530432,
           -0.4849305977035207,
           0.04466153249114377,
           0.18241118926342784,
           0.6341835937838217,
           0.5584885167843211,
           0.6347370162314105,
           -0.3294438766241981,
           -0.16479053531221893,
           1,
           -0.059004461843738684,
           -0.06141659020581894,
           0.5368829987416056,
           -0.26214075050080565,
           -0.41332594996783395,
           -0.4469672147913178,
           0.36856829193980806,
           0.3911382846993736,
           0.2021041137706448,
           -0.4254409914774083
          ],
          [
           0.3909422936598378,
           0.6112771581232483,
           0.6352311699976905,
           0.06255862677289882,
           0.12509673870850596,
           0.6989704825901526,
           0.6909412742631096,
           -0.042889659820272576,
           0.19358838173310808,
           0.11816024630433994,
           0.723114835206873,
           0.26361268503128393,
           -0.059004461843738684,
           1,
           0.6719617360968876,
           -0.01692637002765295,
           -0.10249994943285158,
           0.09636052338497163,
           -0.2330354395712449,
           0.14931298381522365,
           0.34317631207341204,
           -0.05341760738527902,
           0.011652379124391966
          ],
          [
           0.4833495014815477,
           0.9532119037971507,
           0.9302677360929014,
           0.309699356346255,
           0.33061130994657467,
           0.8222993897139766,
           0.7538192729692034,
           -0.11603956224760985,
           0.14207971594177374,
           0.05418149519665627,
           0.4749448142092201,
           0.11241027246485163,
           -0.06141659020581894,
           0.6719617360968876,
           1,
           0.07920651716540378,
           0.032566411544130806,
           0.34277831881714244,
           -0.1458000696446518,
           0.2753935951273834,
           0.2318764448883835,
           0.2083869097606503,
           -0.0005775953205880005
          ],
          [
           0.016430662980970588,
           0.21822757140548704,
